0.435 8.09079772098239e-05
0.445 0.0001321073134686311
0.455 0.00017914513072806273
0.465 0.00022104932469951236
0.475 0.0002629956938925872
0.485 0.00028827040539635416
0.495 0.0003102851796876182
0.505 0.0003200000000000001
0.515 0.00031568429945271604
0.525 0.00031635495461626383
0.535 0.00030629443576597076
0.545 0.00030137998535102446
0.555 0.0002913236148831863
0.5650000000000001 0.000282479263489265
0.575 0.0002538927599923082
0.585 0.00023394941134020843
0.595 0.0002240900890389797
0.605 0.00020079553876036827
0.615 0.00018462306975980435
0.625 0.00016083624476320732
0.635 0.00014301133675142765
0.645 0.00012487737424675532
0.655 0.00010870974502572214
0.665 9.559117690906617e-05
0.675 7.957842063301724e-05
0.685 6.877188433791169e-05
0.6950000000000001 5.743988626518103e-05
